HealthHumanBot HealthOtherBot OtherBotVisible Distance HumanBotDirectionFacingX HumanBotDirectionFacingY Weapon Ammo HumanBotShot
100 100 0 397.99  -0.95 -0.3 10 20 0
100 100 0 397.99  -0.95 -0.3 10 20 0
100 100 0 409.706  -0.95 -0.3 10 20 0
100 100 0 389.706  -0.95 -0.3 10 20 0
100 100 0 385.409  -0.93 -0.34 10 20 0
100 100 0 395.706  -0.96 -0.25 10 20 0
100 100 0 382.989  -0.99 0.09 10 20 0
100 100 0 361.372  -0.98 0.15 10 20 0
100 100 0 339.528  -0.98 0.15 10 20 0
100 100 0 310.853  -0.98 0.18 10 20 0
100 100 0 295.043  -0.97 0.2 10 20 0
100 100 0 269.638  -0.98 0.18 10 20 0
100 100 0 234.804  -0.84 -0.52 10 20 0
100 100 0 255.706  0.38 -0.92 10 20 0
100 100 0 249.774  0.55 -0.83 10 20 0
100 100 0 299.734  0.57 -0.81 10 20 0
100 100 0 295.17  0.57 -0.81 10 20 0
100 100 0 321.816  0.52 -0.85 10 20 0
100 100 0 348.386  0.51 -0.85 10 20 0
100 100 0 356.887  0.55 -0.83 10 20 0
100 100 0 351.085  0.56 -0.82 10 20 0
100 100 0 390.422  0.57 -0.81 10 20 0
100 100 0 375.115  0.61 -0.78 10 20 0
100 100 0 403.399  0.66 -0.74 10 20 0
100 100 0 381.668  0.7 -0.71 10 20 0
100 100 0 342.902  0.73 -0.67 10 20 0
100 100 0 345.385  0.76 -0.64 10 20 0
100 100 0 318.166  0.78 -0.61 10 20 0
100 100 1 283.081  0.8 -0.58 10 20 0
100 100 1 274.079  0.83 -0.55 10 20 0
100 100 1 232.663  0.86 -0.49 10 20 0
100 100 1 191.162  0.87 -0.47 10 20 0
99 100 1 150.904  0.94 -0.32 10 20 0
79 100 1 112.024  0.73 -0.67 10 20 0
79 100 1 85.7462  0.7 -0.7 10 20 1
49 100 1 79.0593  0.92 -0.38 7 15 0
48 100 1 53.047  0.99 0 7 15 0
48 100 1 56.194  0.87 -0.48 7 15 0
38 90 1 55.574  0.94 -0.32 7 14 1
38 90 1 47.7867  0.46 0.88 7 14 1
37 90 1 57.9676  -0.1 0.99 7 13 1
37 80 1 40.9445  0.41 0.9 7 13 0
36 80 1 26.5619  0.91 0.4 7 13 1
36 80 1 33.8396  0.93 0.34 7 12 1
26 70 1 53.9365  -0.02 0.99 7 12 0
25 70 1 52.2229  -0.25 0.96 7 12 1
25 70 1 40.3351  -0.23 0.97 7 11 1
25 60 1 40.3312  -0.54 0.83 7 11 1
15 60 1 53.4908  -0.92 0.37 7 11 1
15 50 1 42.0559  -0.54 0.83 7 10 1
15 50 1 34.1062  -0.03 0.99 7 10 1
14 50 1 33.585  0.38 0.92 7 10 1
3 40 1 32.9281  -0.73 0.68 7 9 1
3 40 1 52.9646  -0.96 0.26 7 9 1
3 80 1 53.213  -0.96 0.25 7 8 1
3 80 1 62.3466  -0.27 0.96 7 8 0
3 80 1 58.424  -0.42 0.9 7 7 1
2 80 1 57.7505  -0.9 0.42 7 7 1
2 80 1 82.6536  -0.38 0.92 7 7 0
1 80 1 103.52  -0.46 0.88 7 7 0
1 80 1 106.634  -0.15 0.98 7 7 0
100 80 0 445.137  -0.99 -0.03 7 0 1
100 80 0 443.149  -0.99 0.01 7 0 0
100 80 0 455.593  -0.04 0.99 7 0 0
100 80 0 467.461  -0.04 0.99 7 0 0
100 80 0 466.029  -0.06 0.99 7 0 0
100 80 0 460.775  -0.85 0.51 7 0 0
100 80 0 430.979  -0.96 0.27 7 0 0
100 80 0 390.086  -0.97 0.2 7 0 0
100 80 0 361.558  -0.97 0.2 7 0 0
100 80 0 315.488  -0.25 -0.96 7 0 0
100 80 0 317.002  -0.57 -0.82 7 0 0
100 80 0 263.855  -0.84 -0.52 7 0 0
100 80 0 209.368  -0.87 -0.48 7 0 0
100 80 0 181.035  -0.88 -0.47 7 0 0
100 80 0 203.68  -0.98 -0.19 7 0 0
100 80 0 160.333  -0.82 0.56 7 0 0
100 80 0 127.167  -0.74 0.66 7 0 0
100 80 0 145.788  -0.9 0.42 7 0 0
100 80 1 181.627  -0.99 0.03 7 0 0
100 80 0 214.909  -0.97 -0.22 7 0 0
100 80 0 209.902  -0.73 -0.67 7 0 0
100 80 0 251.607  0.13 -0.99 7 0 0
100 80 0 265.277  0.17 -0.98 7 0 0
100 80 0 278.273  0.57 -0.81 7 0 0
100 80 0 294.804  0.75 -0.66 7 0 0
100 80 0 317.312  0.61 -0.78 7 0 0
100 80 0 306.966  0.5 -0.86 7 0 0
100 80 0 317.288  0.42 -0.9 7 0 0
100 80 0 309.328  0.5 -0.86 7 0 0
100 80 0 315.508  0.75 -0.65 7 0 0
100 80 0 333.063  0.63 -0.77 7 0 0
100 80 1 336.451  0.71 -0.69 7 0 0
100 80 0 344.363  0.79 -0.6 7 0 0
100 80 0 398.751  0.75 -0.65 7 0 0
100 80 0 427.182  0.67 -0.73 7 0 0
100 100 0 416.932  0.59 -0.8 7 0 0
100 100 0 379.626  0.65 -0.75 7 0 0
100 100 0 378.723  0.72 -0.69 7 0 0
100 100 1 322.001  0.72 -0.69 7 0 0
100 100 1 315.062  0.74 -0.66 7 0 0
90 100 0 330.043  0.79 -0.6 7 0 0
90 100 1 305.941  0.74 -0.66 7 0 0
90 100 1 275.063  0.74 -0.66 8 15 0
90 100 1 257.778  0.61 -0.78 8 14 1
90 100 0 236.804  0.51 -0.85 8 14 0
90 100 1 210.623  0.46 -0.88 8 14 0
90 100 1 181.62  0.42 -0.9 8 14 0
90 100 1 179.327  0.58 -0.81 8 14 0
90 100 1 153.652  0.31 -0.94 8 13 1
90 100 1 153.215  0.47 -0.88 8 13 0
60 100 1 123.306  0.4 -0.91 8 13 1
60 100 1 116.327  0.34 -0.93 8 12 1
30 100 1 93.0815  0.38 -0.92 8 12 1
30 90 1 85.7376  0.57 -0.81 8 11 1
20 80 1 75.7672  0.56 -0.82 8 11 1
19 80 1 57.8351  0.62 -0.77 8 10 1
9 70 1 51.2162  0.6 -0.79 8 10 1
8 70 1 48.9119  0.35 -0.93 8 10 1
100 60 0 204.853  -0.4 -0.91 8 0 1
100 60 0 200.225  -0.45 -0.89 8 0 1
100 60 0 187.526  -0.45 -0.89 8 0 0
100 60 0 169.097  -0.93 0.34 8 0 0
100 60 0 148.908  -0.88 0.46 8 0 0
100 60 0 110.116  -0.88 0.47 8 0 0
100 60 0 108.135  -0.88 0.46 8 0 0
100 60 1 147.622  -0.76 -0.64 8 0 1
100 60 1 118.088  -0.69 -0.71 8 0 1
100 59 1 102.694  -0.6 -0.79 8 0 1
80 59 1 84.0647  -0.62 -0.78 8 0 1
80 59 1 57.3873  -0.54 -0.83 8 0 1
59 59 1 49.9599  -0.51 -0.85 8 0 1
59 59 1 49.6685  -0.18 -0.98 8 0 1
58 59 1 46.5378  0.86 -0.5 8 0 1
57 59 1 38.2711  -0.1 -0.99 8 0 0
56 58 1 32.9374  -0.69 -0.72 8 0 1
56 58 1 35.9282  -0.74 0.66 8 0 0
55 58 1 31.9481  -0.87 0.48 8 0 0
54 58 1 30.5964  -0.35 -0.93 8 0 1
54 58 1 30.3949  -0.84 -0.53 8 0 1
53 58 1 58.3154  -0.83 -0.55 8 0 0
53 58 1 24.8447  -0.96 -0.27 8 0 1
52 58 1 30.7691  -0.87 -0.48 8 0 1
51 58 1 36.9764  -0.4 -0.91 8 0 0
50 58 1 32.6129  -0.83 -0.54 8 0 0
49 58 1 31.9183  -0.78 -0.62 8 0 0
49 58 1 22.4469  -0.86 -0.5 8 0 1
48 58 0 45.371  0.69 -0.71 8 0 0
47 58 0 65.4756  0.57 -0.81 8 0 0
HealthHumanBot HealthOtherBot OtherBotVisible Distance HumanBotDirectionFacingX HumanBotDirectionFacingY Weapon Ammo HumanBotShot
100 100 0 337.99  -0.95 -0.29 10 20 0
100 100 0 317.99  -0.95 -0.29 10 20 0
100 100 0 297.99  -0.95 -0.29 10 20 0
100 100 0 297.99  -0.95 -0.29 10 20 0
100 100 0 277.99  -0.95 -0.29 10 20 0
100 100 0 257.99  -0.95 -0.29 10 20 0
100 100 0 249.706  -0.95 -0.29 10 20 0
100 100 0 229.706  -0.86 0.49 10 20 0
100 100 0 257.708  -0.98 -0.17 10 20 0
100 100 0 226.111  0.05 -0.99 10 20 0
100 100 0 267.993  0.25 -0.96 10 20 0
100 100 0 253.314  0.35 -0.93 10 20 0
100 100 0 267.903  0.41 -0.91 10 20 0
100 100 0 248.542  0.45 -0.88 10 20 0
100 100 0 259.734  0.99 0.12 10 20 0
100 100 0 258.552  0.92 -0.37 10 20 1
100 100 0 269.847  0.81 -0.57 10 20 1
100 100 0 284.842  0.73 -0.67 10 20 1
100 100 0 252.744  0.99 0.07 10 20 1
100 100 0 253.482  0.79 0.61 10 20 1
100 100 0 262.46  0.69 0.71 10 20 1
100 100 0 248.155  0.72 0.69 10 20 0
100 100 0 228.015  0.61 0.79 10 20 0
100 100 0 258.519  0.38 0.92 10 20 0
100 100 0 267.487  0.21 0.97 10 20 0
100 100 0 267.126  0.2 0.97 10 20 0
100 100 0 244.941  0.63 -0.77 10 20 1
100 100 0 205.163  0.89 -0.44 10 20 0
100 100 0 160.401  0.84 0.53 10 20 1
100 100 0 125.054  0.68 0.73 10 20 0
100 100 1 157.174  0.89 0.44 10 20 0
100 100 1 103.145  0.93 0.35 10 20 1
100 100 1 72.2385  0.92 0.38 10 20 1
100 100 1 92.3238  0.86 0.49 10 20 1
100 100 1 66.0983  0.99 -0.02 10 20 1
98 100 1 50.0278  0.95 0.3 10 20 1
98 100 1 65.7901  0.99 0.13 10 20 1
97 100 1 87.4341  0.98 0.17 10 20 1
97 100 1 77.2773  0.97 0.2 10 20 1
96 100 1 95.0803  0.99 0.1 10 20 1
96 100 1 84.4354  0.99 -0.11 10 20 1
96 99 1 68.6499  0.99 0.02 10 20 0
96 99 1 80.3934  0.99 -0.03 10 20 1
86 99 1 81.8793  0.99 -0.1 10 20 1
86 99 1 101.836  0.99 0.12 10 20 1
76 98 1 106.711  0.99 -0.01 10 20 1
76 98 1 91.8633  0.99 -0.1 10 20 1
66 98 1 83.9871  0.99 0.03 10 20 1
66 98 1 90.484  0.99 0.04 10 20 1
66 98 1 126.627  0.99 0.13 8 15 0
66 98 1 112.149  0.97 0.2 8 14 1
46 98 1 103.438  0.97 0.21 8 14 0
36 98 1 91.971  0.87 0.48 8 14 0
36 98 1 99.045  0.99 0.01 8 13 1
36 98 1 88.7325  0.98 -0.17 8 13 1
16 98 1 74.3476  0.99 0 8 12 1
16 78 1 68.1383  0.97 -0.23 8 12 1
15 78 1 90.3014  0.99 -0.01 8 12 1
5 78 1 119.832  0.99 0.1 8 11 1
5 78 1 112.924  0.97 0.22 8 11 1
5 68 1 137.508  0.98 0.17 8 10 1
100 68 1 146.558  0.98 -0.19 8 0 1
100 68 0 147  0.82 -0.56 8 0 0
100 68 0 131.652  0.73 -0.67 8 0 1
100 68 0 134.332  0.65 -0.75 8 0 0
100 68 0 124.917  0.69 -0.71 8 0 1
100 68 0 144.088  0.78 -0.61 8 0 1
100 68 0 183.809  0.82 -0.56 8 0 1
100 68 0 187.962  0.91 -0.39 8 15 0
100 68 0 177.16  0.97 -0.24 8 14 1
100 68 0 175.047  0.96 -0.27 8 14 0
100 100 0 183.331  0.94 -0.33 8 14 0
100 100 0 158.304  0.78 -0.61 8 14 0
100 100 0 137.508  0.8 -0.59 10 20 0
100 100 1 149.725  0.7 -0.7 10 20 0
100 100 1 120.35  0.51 -0.85 8 14 0
100 100 1 107.731  0.19 -0.98 10 20 0
100 100 1 94.025  -0.17 -0.98 8 14 0
100 100 1 108.422  -0.72 -0.68 8 13 1
100 100 1 105.948  -0.79 -0.61 8 13 0
100 90 1 118.407  -0.99 -0.13 8 13 0
100 90 1 130.678  -0.99 0 8 12 1
100 90 1 138.331  -0.94 -0.32 8 12 0
100 60 1 166.493  -0.98 -0.14 8 12 0
100 60 1 175.468  -0.9 0.41 8 11 1
100 60 1 155.361  -0.71 0.7 8 11 0
100 60 1 132.528  -0.7 0.71 8 11 0
90 30 1 103.995  -0.84 0.54 8 10 1
90 30 1 68.5807  -0.72 0.69 8 10 0
90 30 1 73.6582  -0.99 0.05 8 10 0
89 30 1 92.5138  -0.97 0.19 8 9 1
89 30 1 103.86  -0.98 0.18 8 9 0
78 20 1 135.832  -0.96 0.25 8 8 1
78 20 1 116.711  -0.96 0.27 8 8 0
78 20 0 169.138  -0.96 0.25 8 8 0
68 20 0 184.536  -0.98 0.18 8 7 1
68 20 0 163.736  -0.78 0.62 8 7 0
68 20 0 186.18  -0.96 0.24 8 7 0
68 20 1 178.432  -0.99 -0.02 8 7 0
68 20 1 201.928  -0.96 -0.26 8 6 1
68 20 1 226.473  -0.98 -0.18 8 6 0
68 20 0 236.815  -0.59 -0.8 8 6 0
68 20 0 212.457  -0.97 -0.2 8 6 0
68 20 1 196.502  -0.99 -0.01 8 6 0
48 20 1 186.856  -0.99 -0.1 8 6 0
48 20 0 165.046  -0.99 -0.1 8 6 0
48 20 0 144.103  -0.99 -0.08 8 5 1
28 20 0 142.276  -0.99 0.11 8 5 0
28 20 0 129.699  -0.97 -0.22 8 5 0
28 20 0 128.901  -0.64 -0.76 8 5 0
28 20 0 119.93  0 -0.99 8 5 0
28 20 1 119.433  0.36 -0.92 8 4 1
28 20 1 141.015  0.65 -0.75 8 4 0
28 20 1 142.127  0.65 -0.75 8 4 0
28 20 1 143.385  0.85 -0.51 8 3 1
28 20 1 141.361  0.93 -0.35 8 3 0
18 100 0 24.6634  0.95 -0.29 8 3 0
18 100 0 36.5506  0.98 -0.16 8 3 0
18 100 0 30.4298  0.99 0.09 8 3 0
17 100 1 36.659  0.84 0.52 8 3 0
17 100 1 33.2768  -0.67 0.73 8 2 1
17 100 1 40.4394  -0.99 0.11 8 2 1
16 100 1 24.8312  -0.83 -0.54 8 2 1
5 90 1 31.5353  -0.82 -0.56 8 1 1
5 90 1 51.8277  0.19 -0.98 8 1 1
4 90 1 46.4334  0.61 -0.78 8 1 0
4 90 1 76.7991  0.7 -0.7 8 1 0
HealthHumanBot HealthOtherBot OtherBotVisible Distance HumanBotDirectionFacingX HumanBotDirectionFacingY Weapon Ammo HumanBotShot
100 100 0 386.274  -0.94 -0.33 10 20 0
100 100 0 366.274  -0.9 0.41 10 20 0
100 100 0 366.274  -0.92 -0.38 10 20 0
100 100 0 346.274  -0.6 0.79 10 20 0
100 100 0 317.99  -0.6 0.79 10 20 0
100 100 0 308.332  -0.53 0.84 10 20 0
100 100 0 260.216  -0.13 0.99 10 20 0
100 100 0 246.96  -0.91 -0.41 10 20 0
100 100 0 229.344  -0.75 -0.65 10 20 0
100 100 0 217.379  -0.47 -0.87 10 20 0
100 100 0 230.703  -0.64 -0.76 10 20 0
100 100 0 196.603  0.3 0.95 10 20 0
100 100 0 165.761  0.66 0.74 10 20 0
100 100 0 132.867  0.87 0.48 10 20 0
100 100 0 156.053  0.73 0.67 10 20 0
99 100 0 148.612  0.73 0.67 10 20 0
99 100 0 180.237  0.67 0.73 10 20 0
99 100 0 200.236  0.39 0.91 10 20 0
99 100 0 197.623  0.64 0.76 10 20 0
99 100 0 209.647  0.69 0.72 10 20 0
99 100 0 208.491  0.63 0.77 10 20 0
99 100 0 197.262  0.62 0.77 10 20 0
99 100 0 204.902  0.64 0.76 10 20 0
99 100 0 185.354  0.14 0.98 10 20 0
99 100 0 183.322  0.27 0.96 10 20 0
99 100 1 183.793  0.45 0.89 10 20 0
99 100 1 196.68  0.58 0.81 10 20 0
99 100 0 215.343  0.53 0.84 10 20 0
99 100 1 194.812  0.64 0.76 10 20 0
99 100 1 188.109  0.58 0.8 10 20 0
99 100 1 208.317  0.58 0.8 10 20 0
99 100 0 194.185  0.52 0.85 10 20 0
99 100 0 210.754  0.35 0.93 10 20 0
99 100 0 180.439  0.38 0.92 10 20 0
99 100 1 179.813  0.54 0.83 10 20 0
99 100 1 182.601  0.63 0.77 10 20 0
99 100 1 185.546  0.68 0.72 10 20 0
99 100 1 214.254  0.69 0.72 10 20 0
99 100 1 214.259  0.69 0.72 10 20 0
79 100 1 241.556  0.68 0.72 10 20 0
79 100 1 238.71  0.64 0.76 10 20 0
79 100 1 238.74  0.64 0.76 10 20 0
79 100 1 221.034  0.57 0.81 10 20 0
79 100 0 247.148  0.53 0.84 10 20 0
79 100 0 267.137  0.53 0.84 10 20 0
79 100 1 251.702  0.58 0.81 10 20 0
79 100 1 241.881  0.61 0.78 10 20 0
79 100 1 241.11  0.73 0.68 10 20 0
79 100 0 261.46  0.85 0.51 10 20 0
79 100 0 261.308  0.91 0.39 10 20 0
79 100 0 266.228  0.94 0.33 10 20 0
79 100 0 238.803  -0.52 0.85 10 20 0
79 100 0 244.306  -0.58 0.81 10 20 0
79 100 0 239.624  -0.53 0.84 10 20 0
79 100 0 179.948  -0.1 0.99 10 20 0
79 100 0 138.557  -0.03 0.99 10 20 0
79 100 0 138.898  0.95 0.3 10 20 0
79 100 1 95.3595  0.98 -0.16 10 20 0
79 100 0 85.4422  0.98 -0.14 10 20 0
69 100 1 114.206  0.95 0.29 10 20 0
69 100 1 117.321  0.66 0.74 10 20 0
69 100 1 145.793  0.59 0.8 10 20 0
69 100 0 114.836  0.83 0.54 10 20 0
69 100 1 110.065  0.97 0.21 10 20 0
69 100 1 103.192  0.88 0.45 10 20 0
69 100 1 135.29  0.7 0.7 10 20 0
49 100 0 142.375  0.58 0.81 10 20 0
49 100 1 122.979  0.75 0.65 10 20 0
49 100 1 91.877  0.78 0.61 10 20 0
49 100 1 87.4227  0.83 0.55 10 20 0
49 100 1 70.8379  0.6 0.79 10 20 0
49 100 1 74.4896  0.31 0.94 10 20 0
49 100 1 79.2468  0.02 0.99 10 20 0
48 100 1 85.1201  -0.16 0.98 10 20 0
47 100 1 97.745  -0.25 0.96 10 20 0
47 100 1 85.3592  -0.14 0.98 10 20 0
47 100 1 88.9322  -0.16 0.98 10 20 0
47 100 1 127.79  -0.08 0.99 10 20 0
47 100 1 88.091  -0.13 0.99 10 20 0
37 100 1 115.749  -0.09 0.99 10 20 0
37 100 0 125.39  0.02 0.99 10 20 0
37 100 0 139.637  -0.06 0.99 10 20 0
37 100 0 165.436  -0.15 0.98 10 20 0
37 100 1 192.676  -0.23 0.97 10 20 0
37 100 1 185.078  -0.21 0.97 10 20 0
37 100 1 175.649  -0.19 0.98 10 20 0
37 100 1 185.327  -0.25 0.96 10 20 0
37 100 1 177.231  -0.14 0.99 10 20 0
37 100 1 186.115  -0.19 0.98 10 20 0
37 100 0 165.956  -0.14 0.98 10 20 0
37 100 1 179.463  -0.15 0.98 10 20 0
37 100 1 176.33  -0.11 0.99 10 20 0
37 100 1 187.752  -0.16 0.98 10 20 0
17 100 1 187.776  -0.15 0.98 10 20 0
17 100 0 166.665  -0.07 0.99 10 20 0
17 100 0 148.852  -0.16 0.98 10 20 0
17 100 0 162.114  -0.14 0.98 10 20 0
17 100 0 134.374  -0.13 0.99 10 20 0
17 100 0 97.7332  -0.18 0.98 10 20 0
17 100 1 80.3385  -0.24 0.96 10 20 0
17 100 1 60.4235  -0.3 0.95 10 20 0
17 100 1 45.8296  -0.29 0.95 10 20 0
17 100 1 63.1241  -0.06 0.99 10 20 0
17 100 1 25.2834  0.11 0.99 10 20 0
17 100 1 38.6808  -0.01 0.99 10 20 0
17 100 1 53.2804  -0.42 0.9 10 20 0
17 100 1 35.6372  -0.74 0.67 10 20 0
17 100 1 35.721  0.06 0.99 10 20 0
17 100 0 38.8212  0.87 0.48 10 20 0
17 100 0 24.972  0.7 -0.7 10 20 0
17 100 0 27.2723  0.56 -0.82 10 20 0
17 100 0 39.5806  0.59 -0.8 10 20 0
17 100 0 27.8263  0.58 -0.8 10 20 0
17 100 0 11.4548  0.46 -0.88 10 20 0
17 100 0 30.6774  0.41 -0.9 10 20 0
17 100 0 40.6028  0.4 -0.91 10 20 0
17 100 0 37.3479  0.35 -0.93 10 20 0
17 100 1 38.084  0.2 -0.97 10 20 0
7 100 1 36.3647  0.02 -0.99 10 20 0
7 100 1 36.3647  -0.16 -0.98 10 20 0
7 100 1 48.0018  -0.33 -0.94 10 20 0
100 100 1 59.7205  0.08 -0.99 10 20 0
100 100 1 53.7785  0.64 -0.76 10 20 0
100 100 1 45.5544  0.78 -0.61 10 20 0
100 100 1 78.7632  0.87 -0.47 10 20 0
100 100 1 98.6238  0.94 -0.33 10 20 0
100 100 1 88.4752  0.97 -0.22 10 20 0
80 100 1 103.011  0.99 -0.08 10 20 0
80 100 1 106.566  0.99 0.03 10 20 0
80 100 1 109.176  0.98 0.14 10 20 0
80 100 0 130.126  0.96 0.26 10 20 0
70 100 0 122.35  0.91 0.39 10 20 0
70 100 0 132.527  0.87 0.48 10 20 0
70 100 0 95.2743  0.9 0.43 10 20 0
70 100 1 86.6426  0.88 0.47 10 20 0
70 100 1 66.8527  0.9 0.43 10 20 0
70 100 1 75.8008  0.85 0.51 10 20 0
70 100 1 56.1959  0.79 0.6 10 20 0
70 100 1 50.6555  0.74 0.66 10 20 0
70 100 1 84.059  0.64 0.76 10 20 0
70 100 1 89.2835  0.53 0.84 10 20 0
70 100 1 106.486  0.49 0.87 10 20 0
70 100 1 130.368  0.42 0.9 10 20 0
70 100 1 136.973  0.45 0.88 10 20 0
50 100 1 129.062  0.39 0.92 10 20 0
50 100 1 128.243  0.41 0.91 10 20 0
50 100 1 104.108  0.36 0.93 10 20 0
30 100 1 106.953  0.44 0.89 10 20 0
30 100 1 84.9046  0.42 0.9 10 20 0
30 100 1 32.5906  0.43 0.9 10 20 0
30 100 0 40.5807  0.42 0.9 10 20 0
30 100 0 43.9986  0.51 0.85 10 20 0
30 100 0 57.1953  0.62 0.78 10 20 0
30 100 0 83.961  0.72 0.68 10 20 0
30 100 0 97.2927  0.76 0.64 10 20 0
30 100 0 126.604  0.84 0.53 10 20 0
20 100 1 124.874  0.91 0.39 10 20 0
20 100 1 156.084  0.96 0.25 10 20 0
20 100 1 172.577  0.98 0.16 10 20 0
100 100 0 418.298  -0.87 0.48 10 20 0
100 100 0 430.517  -0.85 0.51 10 20 0
100 100 0 441.521  -0.86 0.5 10 20 0
100 100 0 444.522  -0.87 0.47 10 20 0
100 100 0 428.741  -0.89 0.45 10 20 0
100 100 0 398.037  -0.9 0.42 10 20 0
100 100 0 342.301  -0.92 0.37 10 20 0
100 100 0 293.183  -0.94 0.32 10 20 0
100 100 0 285.401  -0.97 0.2 10 20 0
100 100 0 260.488  -0.98 0.16 10 20 0
100 100 0 244.394  -0.99 0.11 10 20 0
100 100 0 260.828  -0.99 0.13 10 20 0
100 100 0 264.462  -0.99 -0.01 10 20 0
100 100 0 265.02  -0.99 -0.06 10 20 0
100 100 0 277.528  -0.97 -0.21 10 20 0
100 100 0 256.07  -0.68 -0.72 10 20 0
100 100 0 218.448  0.16 -0.98 10 20 0
100 100 0 195.755  0.42 -0.9 10 20 0
100 100 0 162.983  0.66 -0.74 10 20 0
100 100 0 162.007  0.63 -0.77 10 20 0
100 100 0 170.645  0.55 -0.83 10 20 0
100 100 0 182.361  0.61 -0.79 7 15 0
100 100 0 194.059  0.73 -0.67 7 15 0
100 100 0 189.725  0.81 -0.57 7 15 0
100 100 0 196.935  0.84 -0.53 7 15 0
100 100 1 215.735  0.93 -0.36 7 15 0
100 100 1 174.451  0.99 -0.13 7 15 0
100 100 1 167.309  0.96 -0.26 7 15 0
100 100 1 159.383  0.88 -0.47 7 15 0
100 100 0 145.454  0.83 -0.54 7 15 0
100 100 0 123.607  0.84 -0.53 7 15 0
100 100 1 110.274  0.87 -0.48 7 15 0
100 100 1 102.352  0.87 -0.48 7 15 0
100 100 1 143.768  0.71 -0.69 7 15 0
100 100 1 133.696  0.62 -0.77 7 15 0
100 100 1 133.85  0.62 -0.78 7 15 0
80 100 0 142.135  0.38 -0.92 7 15 0
80 100 1 126.311  0.36 -0.93 7 15 0
80 100 0 143.548  0.37 -0.92 7 15 0
80 100 1 143.581  0.37 -0.92 7 15 0
60 100 1 143.582  0.37 -0.92 7 15 0
60 100 1 143.582  0.37 -0.92 7 15 0
40 100 0 151.866  0.37 -0.92 7 15 0
40 100 0 151.866  0.37 -0.92 7 15 0
40 100 1 123.582  0.37 -0.92 7 15 0
40 100 1 103.582  0.37 -0.92 7 15 0
40 100 1 83.582  0.37 -0.92 7 15 0
10 100 1 55.2977  0.37 -0.92 7 15 0
10 100 1 54.145  0.34 -0.93 7 15 0
10 100 1 34.5755  0.05 -0.99 7 15 0
100 100 0 430.774  0.11 0.99 7 0 0
100 100 0 420.788  0.11 0.99 7 0 0
100 100 0 427.992  0.11 0.99 7 0 0
100 100 0 431.642  0.04 0.99 7 0 0
100 100 0 454.773  -0.01 0.99 7 0 0
100 100 0 422.892  -0.05 0.99 7 0 0
100 100 0 375.219  0 0.99 7 0 0
100 100 0 366.999  -0.03 0.99 7 0 0
100 100 0 359.14  0 0.99 7 0 0
100 100 0 334.564  0 0.99 7 0 0
100 100 0 333.641  0 0.99 7 0 0
100 100 0 317.474  0.03 0.99 7 0 0
100 100 0 317.552  -0.32 0.94 7 0 1
100 100 0 290.61  -0.31 0.94 7 0 0
100 100 0 273.513  -0.31 0.94 7 0 0
100 100 0 236.56  -0.24 0.97 7 0 1
100 100 0 243.007  -0.08 0.99 7 0 1
100 100 0 234.657  0.28 0.95 7 0 1
100 100 0 213.279  0.64 0.76 7 0 1
100 100 0 245.137  0.81 0.58 7 0 1
100 100 0 216.849  0.99 -0.01 7 0 0
100 100 0 188.565  0.97 -0.22 7 0 1
100 100 0 160.28  0.82 0.55 7 0 1
100 100 0 158.191  0.86 0.5 7 0 1
100 100 0 167.454  0.99 0.1 7 0 0
100 100 0 167.279  0.99 0.02 7 0 0
100 100 0 168.215  0.99 0.02 7 0 1
100 100 0 159.668  0.91 -0.39 7 0 0
100 100 0 167.477  0.88 -0.45 7 0 1
100 100 1 135.761  0.53 -0.84 7 0 1
100 99 1 135.761  0.73 -0.67 7 0 0
100 99 1 156.084  0.54 -0.83 7 0 1
100 99 1 137.177  0.69 -0.71 7 0 0
100 99 1 111.049  0.85 -0.52 7 0 1
100 99 1 82.7115  0.8 -0.58 7 0 0
80 99 1 89.0547  0.81 -0.58 7 0 0
80 99 1 110.36  0.88 -0.45 7 0 0
60 99 1 142.999  0.85 -0.51 7 0 0
60 99 1 141.714  0.77 -0.62 7 0 0
60 99 1 139.666  0.67 -0.73 7 0 0
60 99 1 137.63  0.72 -0.68 7 0 0
60 99 1 149.323  0.81 -0.58 7 0 0
60 99 1 166.192  0.83 -0.54 7 0 0
60 99 1 169.028  0.82 -0.56 7 0 0
60 99 1 158.676  0.8 -0.59 7 0 0
40 99 1 153.73  0.85 -0.51 7 0 0
40 99 1 144.794  0.92 -0.37 7 0 0
40 99 1 158.687  0.97 -0.23 7 0 0
40 99 1 158.446  0.97 -0.23 7 0 0
30 99 1 157.827  0.99 -0.03 7 0 0
30 99 1 153.684  0.99 -0.07 7 0 0
30 99 1 145.961  0.95 -0.3 7 0 0
30 99 1 189.922  0.9 -0.43 7 0 0
30 99 1 205.918  0.82 -0.55 7 0 0
20 99 1 206.794  0.74 -0.66 7 0 0
20 99 0 214.202  0.66 -0.74 7 0 0
20 99 0 195.861  0.6 -0.79 7 0 0
20 99 0 172.505  0.54 -0.83 7 0 0
20 99 0 183.459  0.58 -0.81 7 0 0
20 99 0 154.805  0.67 -0.73 7 0 0
20 99 0 118.103  0.76 -0.64 7 0 0
20 99 1 108.848  0.83 -0.55 7 0 0
20 99 1 132.32  0.81 -0.57 7 0 0
20 99 1 160.524  0.82 -0.56 7 0 1
20 98 0 179.878  0.86 -0.5 8 15 0
20 98 0 154.667  0.85 -0.52 8 15 0
20 98 0 142.575  0.88 -0.46 8 15 0
20 98 0 126.551  0.95 -0.3 8 14 1
20 98 1 97.3638  0.92 -0.36 8 14 0
20 78 1 117.44  0.94 -0.33 8 14 0
20 78 1 138.33  0.95 -0.3 8 14 0
20 78 0 150.979  0.97 -0.22 8 14 0
10 78 1 127.122  0.98 -0.18 8 14 0
10 78 0 146.852  0.98 -0.18 8 14 0
10 78 1 126.849  0.98 -0.18 8 14 0
10 78 1 135.133  0.98 -0.18 8 14 0
10 78 1 126.849  0.98 -0.18 8 14 0
100 78 0 465.928  0.59 0.8 8 0 0
100 78 0 463.22  0.58 0.81 8 0 0
100 78 0 443.456  0.57 0.81 8 0 0
100 78 0 410.304  0.68 0.72 8 0 0
100 78 0 367.151  0.98 -0.17 8 0 0
100 78 0 358.436  0.98 -0.18 8 0 0
100 78 0 350.099  0.98 -0.18 8 0 0
100 78 0 370.098  0.98 -0.18 8 0 0
100 78 0 390.098  0.98 -0.18 8 0 0
