0.00125126
0.563585
0.193304
0.808741
0.585009
0.479873
0.350291
0.895962
0.82284
0.746605
0.174108
0.858943
0.710501
0.513535
0.303995
0.0149846
0.0914029
0.364452
0.147313
0.165899
0.988525
0.445692
0.119083
0.00466933
0.0089114
0.37788
0.531663
0.571184
0.601764
0.607166
0.166234
0.663045
0.450789
0.352123
0.0570391
0.607685
0.783319
0.802606
0.519883
0.30195
0.875973
0.726676
0.955901
0.925718
0.539354
0.142338
0.462081
0.235328
0.843227
0.202126
0.776355
0.722972
0.977783
0.99222
0.608198
0.271756
0.2472
0.289806
0.836842
-0.0969385
0.356853
0.0851486
0.673904
-0.0644668
-0.0102233
0.911315
0.272586
0.152215
0.249189
0.21431
0.784196
0.304499
0.145785
-0.272066
0.69027
0.0462574
0.115293
0.466781
0.690425
-0.31813
0.314295
-0.0190591
0.688579
0.224813
0.228538
-0.12272
0.097354
-0.202779
0.20638
0.122124
0.340141
-0.00123043
0.575236